lr0: 0.00953
lrf: 0.12121
momentum: 0.91455
weight_decay: 0.00066
warmup_epochs: 2.8068
warmup_momentum: 0.87998
warmup_bias_lr: 0.10171
box: 0.05298
cls: 0.60853
cls_pw: 0.93337
obj: 1.16183
obj_pw: 1.02417
iou_t: 0.2
anchor_t: 3.77473
fl_gamma: 0.0
hsv_h: 0.01517
hsv_s: 0.79657
hsv_v: 0.43146
degrees: 0.0
translate: 0.09637
scale: 0.53215
shear: 0.0
perspective: 0.0
flipud: 0.0
fliplr: 0.5
mosaic: 0.99002
mixup: 0.0
copy_paste: 0.0
anchors: 2.87479
