lr0: 0.0094
lrf: 0.13334
momentum: 0.91551
weight_decay: 0.00054
warmup_epochs: 3.29422
warmup_momentum: 0.81843
warmup_bias_lr: 0.09515
box: 0.04568
cls: 0.63138
cls_pw: 0.97961
obj: 1.12602
obj_pw: 0.94897
iou_t: 0.2
anchor_t: 4.15833
fl_gamma: 0.0
hsv_h: 0.01407
hsv_s: 0.66874
hsv_v: 0.43613
degrees: 0.0
translate: 0.08779
scale: 0.57274
shear: 0.0
perspective: 0.0
flipud: 0.0
fliplr: 0.5
mosaic: 0.83778
mixup: 0.0
copy_paste: 0.0
anchors: 3.7096
