# YOLOv5 Hyperparameter Evolution Results
# Best generation: 42
# Last generation: 48
#    metrics/precision,       metrics/recall,      metrics/mAP_0.5, metrics/mAP_0.5:0.95,         val/box_loss,         val/obj_loss,         val/cls_loss
#              0.78344,              0.57331,              0.66601,              0.37288,             0.044628,            0.0034398,                    0

lr0: 0.00945
lrf: 0.11044
momentum: 0.91551
weight_decay: 0.00067
warmup_epochs: 2.9425
warmup_momentum: 0.84744
warmup_bias_lr: 0.10251
box: 0.05307
cls: 0.60842
cls_pw: 0.9379
obj: 1.07646
obj_pw: 1.0929
iou_t: 0.2
anchor_t: 4.04584
fl_gamma: 0.0
hsv_h: 0.01431
hsv_s: 0.80293
hsv_v: 0.43613
degrees: 0.0
translate: 0.09176
scale: 0.53876
shear: 0.0
perspective: 0.0
flipud: 0.0
fliplr: 0.5
mosaic: 0.9745
mixup: 0.0
copy_paste: 0.0
anchors: 2.59067
