lr0: 0.00687
lrf: 0.0498
momentum: 0.90189
weight_decay: 0.00028
warmup_epochs: 1.86976
warmup_momentum: 0.40338
warmup_bias_lr: 0.12021
box: 0.03888
cls: 0.54715
cls_pw: 0.98881
obj: 1.13059
obj_pw: 1.34616
iou_t: 0.2
anchor_t: 5.69628
fl_gamma: 0.0
hsv_h: 0.01321
hsv_s: 0.68061
hsv_v: 0.3397
degrees: 0.0
translate: 0.05539
scale: 0.36328
shear: 0.0
perspective: 0.0
flipud: 0.0
fliplr: 0.5
mosaic: 1.0
mixup: 0.0
copy_paste: 0.0
anchors: 2.0499
