# YOLOv5 Hyperparameter Evolution Results
# Best generation: 46
# Last generation: 91
#    metrics/precision,       metrics/recall,      metrics/mAP_0.5, metrics/mAP_0.5:0.95,         val/box_loss,         val/obj_loss,         val/cls_loss
#              0.66735,               0.5415,              0.57182,              0.30809,              0.01515,            0.0022139,                    0

lr0: 0.00654
lrf: 0.09038
momentum: 0.83529
weight_decay: 0.00042
warmup_epochs: 2.32895
warmup_momentum: 0.47849
warmup_bias_lr: 0.12144
box: 0.04326
cls: 0.4626
cls_pw: 1.00232
obj: 1.09977
obj_pw: 1.38555
iou_t: 0.2
anchor_t: 7.84386
fl_gamma: 0.0
hsv_h: 0.01528
hsv_s: 0.68841
hsv_v: 0.30604
degrees: 0.0
translate: 0.03625
scale: 0.36168
shear: 0.0
perspective: 0.0
flipud: 0.0
fliplr: 0.5
mosaic: 0.90248
mixup: 0.0
copy_paste: 0.0
anchors: 2.01359
